   110000000.       0.0000000000000000        2.0537741367289966E-003
   121000000.       0.0000000000000000        2.7583577187080114E-003
   133100000.       0.0000000000000000        3.6069183097124698E-003
   146410000.       0.0000000000000000        4.5770644772389641E-003
   161051008.       0.0000000000000000        5.6680166802871405E-003
   177156096.       0.0000000000000000        6.8052695050129976E-003
   194871712.       0.0000000000000000        8.0329298814285528E-003
   214358880.       0.0000000000000000        9.3749741810045025E-003
   235794768.       0.0000000000000000        1.0855663131329041E-002
   259374240.       0.0000000000000000        1.2443615185335525E-002
   285311680.       0.0000000000000000        1.4159179147903505E-002
   313842848.       0.0000000000000000        1.6118380323978367E-002
   345227136.       0.0000000000000000        1.8105474834504986E-002
   379749824.       0.0000000000000000        2.0121789337110233E-002
   417724832.       0.0000000000000000        2.2159143237662115E-002
   459497312.       0.0000000000000000        2.4228323901960412E-002
   505447040.       0.0000000000000000        2.6294956890132073E-002
   555991744.       0.0000000000000000        2.8448953902779604E-002
   611590912.       0.0000000000000000        3.1527365607985358E-002
   672750016.       0.0000000000000000        3.5467869226950909E-002
   740025024.       0.0000000000000000        4.1183994664208280E-002
   814027520.       0.0000000000000000        5.1197123555705250E-002
   895430272.       0.0000000000000000        6.7052951430260049E-002
   984973248.       0.0000000000000000        9.0955700931053277E-002
   1.08347059E+09   0.0000000000000000       0.12350124808557880     
   1.19181760E+09   0.0000000000000000       0.16858891568772941     
   1.31099942E+09   0.0000000000000000       0.22616854155078930     
   1.44209933E+09   0.0000000000000000       0.29560417677327910     
   1.58630925E+09   0.0000000000000000       0.38856030004833658     
   1.74494029E+09   0.0000000000000000       0.56471496749973182     
   1.91943424E+09   0.0000000000000000        1.0140964538897697     
   2.11137766E+09   0.0000000000000000        2.1856826074011044     
   2.32251546E+09   0.0000000000000000        5.0022936788270442     
   2.55476710E+09   0.0000000000000000        11.270614039431882     
   2.81024358E+09   0.0000000000000000        23.413778395279959     
   3.09126810E+09   0.0000000000000000        42.728559949041781     
   3.40039475E+09   0.0000000000000000        69.809009223063470     
   3.74043443E+09   0.0000000000000000        104.23588259438627     
   4.11447782E+09   0.0000000000000000        145.91594686707248     
   4.52592538E+09   0.0000000000000000        192.17487108541238     
   4.97851802E+09   0.0000000000000000        241.68245412639658     
   5.47636992E+09   0.0000000000000000        292.39979606838853     
   6.02400717E+09   0.0000000000000000        343.79788773824316     
   6.62640742E+09   0.0000000000000000        393.89060440588378     
   7.28904858E+09   0.0000000000000000        441.47403093715599     
   8.01795328E+09   0.0000000000000000        486.63207383425566     
   8.81974886E+09   0.0000000000000000        528.27064592838133     
   9.70172314E+09   0.0000000000000000        567.37045973915269     
   1.06718956E+10   0.0000000000000000        602.73324075988694     
   1.17390848E+10   0.0000000000000000        634.74237049311898     
   1.29129943E+10   0.0000000000000000        663.58275169734100     
   1.42042931E+10   0.0000000000000000        689.13041168264090     
   1.56247224E+10   0.0000000000000000        712.02935536931818     
   1.71871949E+10   0.0000000000000000        732.10668021720903     
   1.89059133E+10   0.0000000000000000        749.61737580966167     
   2.07965061E+10   0.0000000000000000        764.80040687998712     
   2.28761559E+10   1.6599071751950020E-008   777.90498786470266     
   2.51637719E+10   9.7805564142650978E-008   789.16575648006187     
   2.76801495E+10   2.4598399090687736E-007   798.82668866380436     
   3.04481649E+10   4.7756707163712481E-007   807.07340361349156     
   3.34929797E+10   8.1750543068857967E-007   814.08095709229735     
   3.68422789E+10   1.3001087666845649E-006   820.01322989040364     
   4.05265080E+10   1.9710506926364385E-006   825.01736735330553     
   4.45791560E+10   2.8898701538651413E-006   829.22852151185418     
   4.90370744E+10   4.1328549695089883E-006   832.75880660664620     
   5.39407811E+10   5.7962429618126806E-006   835.70027388225174     
   5.93348567E+10   7.9996556170602555E-006   838.13858283009995     
   6.52683428E+10   1.0889638902013541E-005   840.14773650369023     
   7.17951795E+10   1.4643136735904565E-005   841.79099157793326     
   7.89746975E+10   1.9470669528554771E-005   843.12368066416764     
   8.68721623E+10   2.5618937481863543E-005   844.17705949488925     
   9.55593851E+10   3.3372521056529695E-005   845.00548407789779     
   1.05115320E+11   4.3054315008812199E-005   845.63970009695493     
   1.15626852E+11   5.5028170255085125E-005   846.10549421126404     
   1.27189541E+11   6.9795534384050158E-005   846.42423730845826     
   1.39908497E+11   8.8036638262017344E-005   846.61338588060414     
   1.53899336E+11   1.1051196067851352E-004   846.68696944807482     
   1.69289269E+11   1.3813591980947658E-004   847.28916849988946     
   1.86218201E+11   1.7201899928455183E-004   847.22559786695024     
   2.04840026E+11   2.1352393559051410E-004   847.07849925220921     
   2.25324024E+11   2.6335383988870608E-004   846.85262988435773     
   2.47856431E+11   3.2290888731125589E-004   846.55107131429781     
   2.72642064E+11   3.9255101749015141E-004   847.30982241156221     
   2.99906269E+11   4.7374593546047712E-004   846.97378868991620     
   3.29896919E+11   5.6718556144387739E-004   846.57404412977405     
   3.62886595E+11   6.7213526596062551E-004   847.35236708325658     
   3.99175254E+11   7.9039281523853348E-004   846.94533209956990     
   4.39092773E+11   9.2016944445127264E-004   846.48082891433478     
   4.83002057E+11   1.0622788463759858E-003   847.24064154561086     
   5.31302253E+11   1.2123012467087583E-003   846.78064199671292     
   5.84432484E+11   1.3710916759511835E-003   846.26554285395525     
   6.42875720E+11   1.5387620673786738E-003   846.91707515446126     
   7.07163324E+11   1.7096906014883611E-003   846.40259527957653     
   7.77879618E+11   1.8835356666098142E-003   846.84809400302640     
   8.55667573E+11   2.0592720240196916E-003   846.31919226458945     
   9.41234389E+11   2.2343374777989730E-003   845.73487627280235     
   1.03535778E+12   2.4068870824104846E-003   845.94947244187495     
   1.13889352E+12   2.5721389005809612E-003   845.32594148543672     
   1.25278290E+12   2.7317266965139874E-003   844.64039653767611     
   1.37806125E+12   2.8859043972416791E-003   843.88756552630628     
   1.51586734E+12   3.0365636570825528E-003   843.80308752508245     
   1.66745407E+12   3.1839837329541449E-003   842.97021360261544     
   1.83419955E+12   3.3280557814508618E-003   842.05672882946737     
   2.01761948E+12   3.4677333706022860E-003   841.58191766031837     
   2.21938136E+12   3.6187685143034909E-003   840.53699091246176     
   2.44131955E+12   3.7689988613056032E-003   839.39242112983516     
   2.68545137E+12   3.9312185515942583E-003   838.13918708239373     
   2.95399666E+12   4.1036957576559016E-003   836.76753828206154     
   3.24939625E+12   4.2948143720057518E-003   835.65999275180286     
   3.57433606E+12   4.5107311091341041E-003   834.05853454647115     
   3.93176941E+12   4.7537579263054403E-003   832.30871491733899     
   4.32494661E+12   5.0042158625562454E-003   830.39803503617281     
   4.75744122E+12   5.2802083531559348E-003   828.31322705393393     
   5.23318539E+12   5.5689268355603493E-003   826.28065808391386     
   5.75650398E+12   5.8875443642772939E-003   823.82883382488978     
   6.33215438E+12   6.2357822388679901E-003   821.16089614659097     
   6.96536950E+12   6.5952463073113933E-003   818.26078367813511     
   7.66190656E+12   6.9686158144598572E-003   815.11056901723214     
   8.42809737E+12   7.3308577583780432E-003   811.69425573848537     
   9.27090711E+12   7.7031571238179520E-003   808.11229916967989     
   1.01979972E+13   8.1162931004775118E-003   804.12333960748856     
   1.12177971E+13   8.5349722984426855E-003   799.81439594822734     
   1.23395774E+13   9.0247787761691314E-003   795.17038725859538     
   1.35735343E+13   9.6118527012824286E-003   790.17447732158325     
   1.49308886E+13   1.0307099183249239E-002   784.81056477411551     
   1.64239770E+13   1.1174273232489268E-002   779.06305613825930     
   1.80663752E+13   1.2200752221283577E-002   772.91753446912924     
   1.98730129E+13   1.3517325816422480E-002   766.36087715671965     
   2.18603140E+13   1.5196962145293086E-002   759.42475656226691     
   2.40463454E+13   1.7478344068043567E-002   752.01737723798442     
   2.64509797E+13   2.0472818356023582E-002   744.17073571565334     
   2.90960777E+13   2.4280117488327538E-002   735.87895577759286     
   3.20056852E+13   2.9124112179253515E-002   727.13913423892063     
   3.52062538E+13   3.5012690215798808E-002   717.95112393275429     
   3.87268771E+13   4.1995786849211778E-002   708.31758932873322     
   4.25995660E+13   4.9998029909891398E-002   698.24393610923755     
   4.68595235E+13   5.9244477230634238E-002   687.73867447808209     
   5.15454754E+13   6.9946088009383928E-002   676.81329283614764     
   5.67000233E+13   8.1690904921570051E-002   665.48220077340568     
   6.23700261E+13   9.4793647989718205E-002   653.76261757793134     
   6.86070274E+13  0.10901318890447986        641.67440884308519     
   7.54677344E+13  0.12389154459000069        629.24669034980434     
   8.30145036E+13  0.14036630254797336        616.49099659167121     
   9.13159540E+13  0.16037438174116925        603.43990694843740     
   1.00447549E+14  0.18660446570711683        590.12138855555793     
   1.10492303E+14  0.22613897531974150        576.56438878499262     
   1.21541535E+14  0.29132793678789837        562.79931925077346     
   1.33695688E+14  0.40613219900754616        548.85693386779985     
   1.47065250E+14  0.60792177427693161        534.76822764072961     
   1.61771789E+14  0.93738342660601592        520.56414554243327     
   1.77948968E+14   1.4558928003905633        506.27531230015074     
   1.95743856E+14   2.2531520650045578        491.93179511362769     
   2.15318236E+14   3.4736043151667935        477.56288344761754     
   2.36850065E+14   5.2997063126323170        463.19691034474795     
   2.60535082E+14   7.9117812919198052        448.86110906713128     
   2.86588571E+14   11.412542724112189        434.58190685428337     
   3.15247445E+14   15.860329094065353        420.38327590342413     
   3.46772170E+14   21.352876762013352        406.28898543566987     
   3.81449400E+14   27.674836883663446        392.32107887113466     
   4.19594347E+14   34.896366764738495        378.50023642375072     
   4.61553795E+14   42.784213479594136        364.84578752659252     
   5.07709158E+14   51.226560745805017        351.37573522491249     
   5.58480067E+14   60.325048360935604        338.10678868607096     
   6.14328097E+14   69.591933723227427        325.05440040791660     
   6.75760893E+14   78.946899135122266        312.23300235076675     
   7.43336969E+14   87.912620446116279        299.65527600164006     
   8.17670706E+14   96.574418634480509        287.33331424665795     
   8.99437757E+14   105.07968568429250        275.27792195754591     
   9.89381486E+14   112.80592382676116        263.49882499510443     
   1.08831968E+15   119.71774408589033        252.00469635627027     
   1.19715167E+15   125.56256173755698        240.80317892765183     
   1.31686677E+15   130.93956238774371        229.90090544100900     
   1.44855342E+15   135.39837751042685        219.30351642198565     
   1.59340884E+15   138.75009138750826        209.01567703685251     
   1.75274971E+15   140.86449949970392        199.04130312341081     
   1.92802464E+15   142.34387344830617        189.38276220135978     
   2.12082720E+15   143.11809155898072        180.04208782265641     
   2.33290973E+15   143.19330492612659        171.02022238396145     
   2.56620081E+15   142.36083977970205        162.31723163905204     
   2.82282082E+15   140.88605221609228        153.93233219237598     
   3.10510298E+15   138.64805171189715        145.86392252016759     
   3.41561328E+15   136.12511800754922        138.10986051129700     
   3.75717458E+15   133.05109792285219        130.66655428018532     
   4.13289214E+15   129.48539696427403        123.53039066892401     
   4.54618154E+15   125.69296128749343        116.69687640013760     
   5.00079954E+15   121.50178512271478        110.16090603346973     
   5.50087922E+15   117.19132027197243        103.91681125320075     
   6.05096736E+15   112.74705784024029        97.958411809528670     
   6.65606383E+15   108.09185966609849        92.279375441173997     
   7.32167048E+15   103.45626890113697        86.872069917472899     
   8.05383731E+15   98.862104200215455        81.729373618445564     
   8.85922153E+15   94.368839555662944        76.843583003002891     
   9.74514336E+15   89.950705159176479        72.206743937571503     
   1.07196575E+16   85.600174579231563        67.811042084523805     
   1.17916233E+16   81.322178998190111        63.647524379034387     
   1.29707862E+16   77.103643184083396        59.708088076820161     
   1.42678642E+16   72.964946421893970        55.984259313186520     
   1.56946512E+16   68.910564418387040        52.467898163124239     
   1.72641160E+16   64.932841897414662        49.149854025316216     
   1.89905286E+16   61.059694055887022        46.022025468644856     
   2.08895806E+16   57.299535542256891        43.076417686611059     
   2.29785389E+16   53.711198367387162        40.304151739573342     
   2.52763915E+16   50.360223531071121        37.697454959383059     
   2.78040313E+16   47.318210884544364        35.248741769684464     
   3.05844342E+16   44.429364952794430        32.949628467123084     
   3.36428783E+16   41.676757881708525        30.793180235929800     
   3.70071648E+16   39.056894538795177        28.771733710866705     
   4.07078804E+16   36.566415568255152        26.878002203865545     
   4.47786719E+16   34.201695453274816        25.105529485094625     
   4.92565361E+16   31.962756106298613        23.447556702479883     
   5.41821936E+16   29.848054411638195        21.897558296105391     
   5.96004108E+16   27.849715231674828        20.449590801898111     
   6.55604510E+16   25.971830371400408        19.097787663620757     
   7.21164952E+16   24.199324267945997        17.836043969296316     
   7.93281490E+16   22.527717184597584        16.659845864321298     
   8.72609622E+16   20.970702751414340        15.563044693619377     
   9.59870559E+16   19.508334451953331        14.541938949360153     
   1.05585767E+17   18.134025287489894        13.590530449904456     
   1.16144342E+17   16.843668799710755        12.705043179916027     
   1.27758776E+17   15.634916669971147        11.882250967111316     
   1.40534654E+17   14.522141857489382        11.116350326664142     
   1.54588122E+17   13.479976803887945        10.404463962897033     
   1.70046929E+17   12.506878868923989        9.7430443198328565     
   1.87051615E+17   11.597083990854280        9.1300841371404449     
   2.05756782E+17   10.746629101555273        8.5598791232931148     
   2.26332459E+17   9.9519692188405902        8.0306763957150036     
   2.48965699E+17   9.2173670829531424        7.5396797933534634     
   2.73862285E+17   8.5389465717138755        7.0842608628020542     
   3.01248491E+17   7.9080349413101141        6.6638115350842604     
   3.31373357E+17   7.3215626917853749        6.2724800069520326     
   3.64510679E+17   6.7766396969850966        5.9097869246575465     
   4.00961757E+17   6.2705355240306675        5.5736984852427298     
   4.41057923E+17   5.8006764180338388        5.2623105315060581     
   4.85163732E+17   5.3646341107722071        4.9738414747696948     
   5.33680095E+17   4.9601280860753132        4.7091053175980067     
   5.87048087E+17   4.5850168442001555        4.4618337265702976     
   6.45752937E+17   4.2372852381746231        4.2208699725935181     
   7.10328217E+17   3.9150456464122367        4.0093981391559277     
   7.81361066E+17   3.6165256593408008        3.8135541647956286     
   8.59497173E+17   3.3400671856166921        3.6321599771883366     
   9.45446890E+17   3.0841226645549358        3.4641176927439750     
   1.03999156E+18   2.8472429327628377        3.3084045882777451     
   1.14399072E+18   2.6280684636512333        3.1672707344737767     
   1.25838982E+18   2.4253437671791378        3.0337451905738320     
   1.38422879E+18   2.2378855002204912        2.9099170758102266     
   1.52265167E+18   2.0645892263500500        2.7950221368206729     
   1.67491685E+18   1.9044331275245270        2.6883501109864190     
   1.84240848E+18   1.7564667023603369        2.5892411514926219     
   2.02664924E+18   1.6197968527586644        2.4970824587803206     
   2.22931425E+18   1.4935936684114735        2.4113051191871113     
   2.45224573E+18   1.3770875768606883        2.3313811235446922     
   2.69747036E+18   1.2695680064551489        2.2568205788066056     
   2.96721712E+18   1.1703743019428827        2.1895403005797678     
   3.26393902E+18   1.0788839914219857        2.1246137723424376     
   3.59033290E+18  0.99452842858430546        2.0638081185456874     
   3.94936605E+18  0.91676300022298096        2.0067637248299319     
   4.34430266E+18  0.84511072646359231        1.9531478292610476     
   4.77873317E+18  0.77911102737701510        1.9026526540646691     
   5.25660621E+18  0.71833362176678339        1.8549936992324019     
   5.78226678E+18  0.66237715268414799        1.8099081382262232     
   6.36049390E+18  0.61089864948230421        1.7671533265266934     
   6.99654323E+18  0.56356115773461268        1.7265054238433064     
   7.69619712E+18  0.52004973731657067        1.6877581065569098     
   8.46581732E+18  0.48006852381927106        1.6507213772190914     
   9.31239839E+18  0.44336244032861682        1.6152204577365759     
   1.02436386E+19  0.40966464379377077        1.5810947602907874     
   1.12680030E+19  0.37877294065182610        1.5481969345367350     
   1.23948023E+19  0.35047437624368116        1.5171023955403715     
   1.36342828E+19  0.32457651155848843        1.4863379207761607     
   1.49977113E+19  0.30087859999170086        1.4564372541941570     
   1.64974826E+19  0.27923340947245218        1.4272984528513917     
   1.81472305E+19  0.25948706627236862        1.3988290399285186     
   1.99619547E+19  0.24151250033435712        1.3709453937524332     
   2.19581488E+19  0.22518246424342511        1.3435721887261565     
   2.41539637E+19  0.21038370424451316        1.3166418631485872     
   2.65693598E+19  0.19699496791892102        1.2900941387353373     
   2.92262967E+19  0.18491305648389822        1.2638755603086265     
   3.21489261E+19  0.17405992226370590        1.2379390731937452     
   3.53638190E+19  0.16435205946675038        1.2122436268000905     
   3.89002024E+19  0.15572113660988382        1.1867538007388247     
   4.27902218E+19  0.14810330892016763        1.1614394554462775     
   4.70692440E+19  0.14143209680768210        1.1362754008832092     
   5.17761653E+19  0.13564662214331211        1.1112410831547743     
   5.69537831E+19  0.13070717447522143        1.0863202853612002     
   6.26491610E+19  0.12656632882442070        1.0615008415117242     
   6.89140771E+19  0.12318581452678366        1.0367743604109492     
   7.58054861E+19  0.12049574757166948        1.0121359587662246     
   8.33860383E+19  0.11843590623167281       0.98758400065834606     
   9.17246377E+19  0.11695590070062896       0.96311984264145856     
   1.00897107E+20  0.11600920109752313       0.93874758264460567     
   1.10986815E+20  0.11555249395541939       0.91447381178578424     
   1.22085496E+20  0.11554522867368082       0.89030736816060152     
   1.34294042E+20  0.11594924363756835       0.86625909225583275     
   1.47723451E+20  0.11672844579294561       0.84234158366099565     
   1.62495786E+20  0.11784853474005430       0.81856895947631514     
   1.78745371E+20  0.11927676659913630       0.79495661504439363     
   1.96619912E+20  0.12098175398431772       0.77154894217668013     
   2.16281906E+20  0.12293329876379633       0.74831007893256440     
   2.37910092E+20  0.12510225448098186       0.72528329945445136     
   2.61701096E+20  0.12746041550439777       0.70248684089198932     
   2.87871214E+20  0.12998043018133809       0.67993911128780105     
   3.16658328E+20  0.13263573547779695       0.65765849792963815     
   3.48324158E+20  0.13540051078572579       0.63566319028160922     
   3.83156581E+20  0.13824964875580675       0.61397101721218794     
   4.21472221E+20  0.14115874116985541       0.59259929946309653     
   4.63619475E+20  0.14410407799884201       0.57156471631444250     
   5.09981394E+20  0.14706265790195158       0.55088318553712257     
   5.60979558E+20  0.15001220851532751       0.53056975554551777     
   6.17077521E+20  0.15293121495601425       0.51063850894891760     
   6.78785280E+20  0.15579895503237590       0.49110247719467875     
   7.46663745E+20  0.15859553971240331       0.47197356701988608     
   8.21330190E+20  0.16130195745655326       0.45326250025398063     
   9.03463181E+20  0.16390012107666396       0.43497876920271750     
   9.93809471E+20  0.16637291584214242       0.41713061013399805     
   1.09319047E+21  0.16870424761926420       0.39972499703563974     
