   110000000.       9.1262676878926801     
   121000000.       8.4837215604309737     
   133100000.       7.8864146852063861     
   146410000.       7.3311619368940484     
   161051008.       6.8150024428442251     
   177156096.       6.3351837942962614     
   194871712.       5.8891473692214706     
   214358880.       5.4745146885293803     
   235794768.       5.0890747328820769     
   259374240.       4.7307721524838842     
   285311680.       4.3976963069753356     
   313842848.       4.0880710769869166     
   345227136.       3.8002453930229292     
   379749824.       3.5326844311709649     
   417724832.       3.2839614286883032     
   459497312.       3.0527500758220456     
   505447040.       2.8378174432925238     
   555991744.       2.6380174077259655     
   611590912.       2.4522845399776729     
   672750016.       2.2796284237553461     
   740025024.       2.1191283742467331     
   814027520.       1.9699285285888124     
   895430272.       1.8312332819985435     
   984973248.       1.7023030452284611     
   1.08347059E+09   1.5824699192204854     
   1.19181760E+09   1.4710813371433842     
   1.31099942E+09   1.3675631870162746     
   1.44209933E+09   1.2713824738083321     
   1.58630925E+09   1.1820539976632716     
   1.74494029E+09   1.0991388282187657     
   1.91943424E+09   1.0222419059885242     
   2.11137766E+09  0.95100844917532490     
   2.32251546E+09  0.88511908629614211     
   2.55476710E+09  0.82428391209169039     
   2.81024358E+09  0.76823590254939356     
   3.09126810E+09  0.71672426697584590     
   3.40039475E+09  0.66950833573067992     
   3.74043443E+09  0.62635249078098332     
   4.11447782E+09  0.58702247721573741     
   4.52592538E+09  0.55128323258557077     
   4.97851802E+09  0.51889817978200836     
   5.47636992E+09  0.48962977856101259     
   6.02400717E+09  0.46324103588522136     
   6.62640742E+09  0.43949763719960955     
   7.28904858E+09  0.41817037082859282     
   8.01795328E+09  0.39903756197832313     
   8.81974886E+09  0.38188729639685770     
   9.70172314E+09  0.36651928344968421     
   1.06718956E+10  0.35274627436010636     
   1.17390848E+10  0.34039500743785139     
   1.29129943E+10  0.32930669532840584     
   1.42042931E+10  0.31933709921741998     
   1.56247224E+10  0.31035625273652029     
   1.71871949E+10  0.30224790615943620     
   1.89059133E+10  0.29490876178688646     
   2.07965061E+10  0.28824756654893802     
   2.28761559E+10  0.28218411984450542     
   2.51637719E+10  0.27664824511400732     
   2.76801495E+10  0.27157876379993579     
   3.04481649E+10  0.26692250100132314     
   3.34929797E+10  0.26263334376186120     
   3.68422789E+10  0.25867136579165650     
   4.05265080E+10  0.25500202657673920     
   4.45791560E+10  0.25159544822885160     
   4.90370744E+10  0.24842576995113319     
   5.39407811E+10  0.24547057748854578     
   5.93348567E+10  0.24271040323021845     
   6.52683428E+10  0.24012829157468149     
   7.17951795E+10  0.23770942361324321     
   7.89746975E+10  0.23544079500586615     
   8.68721623E+10  0.23331094101281133     
   9.55593851E+10  0.23130970291902292     
   1.05115320E+11  0.22942803047987845     
   1.15626852E+11  0.22765781547545383     
   1.27189541E+11  0.22599175194798810     
   1.39908497E+11  0.22442321918667352     
   1.53899336E+11  0.22294618399665839     
   1.69289269E+11  0.22155511923323348     
   1.86218201E+11  0.22024493599055342     
   2.04840026E+11  0.21901092720352813     
   2.25324024E+11  0.21784872075092099     
   2.47856431E+11  0.21675424043818334     
   2.72642064E+11  0.21572367349226701     
   2.99906269E+11  0.21475344342040389     
   3.29896919E+11  0.11000000000000000     
   3.62886595E+11  0.11000000000000000     
   3.99175254E+11  0.11000000000000000     
   4.39092773E+11  0.11000000000000000     
   4.83002057E+11  0.11000000000000000     
   5.31302253E+11  0.11000000000000000     
   5.84432484E+11  0.11000000000000000     
   6.42875720E+11  0.11000000000000000     
   7.07163324E+11  0.11000000000000000     
   7.77879618E+11  0.11000000000000000     
   8.55667573E+11  0.11000000000000000     
   9.41234389E+11  0.11000000000000000     
   1.03535778E+12  0.11000000000000000     
   1.13889352E+12  0.11000000000000000     
   1.25278290E+12  0.11000000000000000     
   1.37806125E+12  0.11000000000000000     
   1.51586734E+12  0.11000000000000000     
   1.66745407E+12  0.11000000000000000     
   1.83419955E+12  0.11000000000000000     
   2.01761948E+12  0.11000000000000000     
   2.21938136E+12  0.11000000000000000     
   2.44131955E+12  0.11000000000000000     
   2.68545137E+12  0.11000000000000000     
   2.95399666E+12  0.11000000000000000     
   3.24939625E+12  0.11000000000000000     
   3.57433606E+12  0.11000000000000000     
   3.93176941E+12  0.11000000000000000     
   4.32494661E+12  0.11000000000000000     
   4.75744122E+12  0.11000000000000000     
   5.23318539E+12  0.11000000000000000     
   5.75650398E+12  0.11000000000000000     
   6.33215438E+12  0.11000000000000000     
   6.96536950E+12  0.11000000000000000     
   7.66190656E+12  0.11000000000000000     
   8.42809737E+12  0.11000000000000000     
   9.27090711E+12  0.11000000000000000     
   1.01979972E+13  0.11000000000000000     
   1.12177971E+13  0.11000000000000000     
   1.23395774E+13  0.11000000000000000     
   1.35735343E+13  0.11000000000000000     
   1.49308886E+13  0.11000000000000000     
   1.64239770E+13  0.11000000000000000     
   1.80663752E+13  0.11000000000000000     
   1.98730129E+13  0.11000000000000000     
   2.18603140E+13  0.11000000000000000     
   2.40463454E+13  0.11000000000000000     
   2.64509797E+13  0.11000000000000000     
   2.90960777E+13  0.11000000000000000     
   3.20056852E+13  0.11000000000000000     
   3.52062538E+13  0.11000000000000000     
   3.87268771E+13  0.11000000000000000     
   4.25995660E+13  0.11000000000000000     
   4.68595235E+13  0.11000000000000000     
   5.15454754E+13  0.11000000000000000     
   5.67000233E+13  0.11000000000000000     
   6.23700261E+13  0.11000000000000000     
   6.86070274E+13  0.11000000000000000     
   7.54677344E+13  0.11000000000000000     
   8.30145036E+13  0.11000000000000000     
   9.13159540E+13  0.11000000000000000     
   1.00447549E+14  0.11000000000000000     
   1.10492303E+14  0.11000000000000000     
   1.21541535E+14  0.11000000000000000     
   1.33695688E+14  0.11000000000000000     
   1.47065250E+14  0.11000000000000000     
   1.61771789E+14  0.11000000000000000     
   1.77948968E+14  0.11000000000000000     
   1.95743856E+14  0.11000000000000000     
   2.15318236E+14  0.11000000000000000     
   2.36850065E+14  0.11000000000000000     
   2.60535082E+14  0.11000000000000000     
   2.86588571E+14  0.11000000000000000     
   3.15247445E+14  0.11000000000000000     
   3.46772170E+14  0.11000000000000000     
   3.81449400E+14  0.11000000000000000     
   4.19594347E+14  0.11000000000000000     
   4.61553795E+14  0.11000000000000000     
   5.07709158E+14  0.11000000000000000     
   5.58480067E+14  0.11000000000000000     
   6.14328097E+14  0.11000000000000000     
   6.75760893E+14  0.11000000000000000     
   7.43336969E+14  0.11000000000000000     
   8.17670706E+14  0.11000000000000000     
   8.99437757E+14  0.11000000000000000     
   9.89381486E+14  0.11000000000000000     
   1.08831968E+15  0.11000000000000000     
   1.19715167E+15  0.11000000000000000     
   1.31686677E+15  0.11000000000000000     
   1.44855342E+15  0.11000000000000000     
   1.59340884E+15  0.11000000000000000     
   1.75274971E+15  0.11000000000000000     
   1.92802464E+15  0.11000000000000000     
   2.12082720E+15  0.11000000000000000     
   2.33290973E+15  0.11000000000000000     
   2.56620081E+15  0.11000000000000000     
   2.82282082E+15  0.11000000000000000     
   3.10510298E+15  0.11000000000000000     
   3.41561328E+15  0.11000000000000000     
   3.75717458E+15  0.11000000000000000     
   4.13289214E+15  0.11000000000000000     
   4.54618154E+15  0.11000000000000000     
   5.00079954E+15  0.11000000000000000     
   5.50087922E+15  0.11000000000000000     
   6.05096736E+15  0.11000000000000000     
   6.65606383E+15  0.11000000000000000     
   7.32167048E+15  0.11000000000000000     
   8.05383731E+15  0.11000000000000000     
   8.85922153E+15  0.11000000000000000     
   9.74514336E+15  0.11000000000000000     
   1.07196575E+16  0.11000000000000000     
   1.17916233E+16  0.11000000000000000     
   1.29707862E+16  0.11000000000000000     
   1.42678642E+16  0.11000000000000000     
   1.56946512E+16  0.11000000000000000     
   1.72641160E+16  0.11000000000000000     
   1.89905286E+16  0.11000000000000000     
   2.08895806E+16  0.11000000000000000     
   2.29785389E+16  0.11000000000000000     
   2.52763915E+16  0.11000000000000000     
   2.78040313E+16  0.11000000000000000     
   3.05844342E+16  0.11000000000000000     
   3.36428783E+16  0.11000000000000000     
   3.70071648E+16  0.11000000000000000     
   4.07078804E+16  0.11000000000000000     
   4.47786719E+16  0.11000000000000000     
   4.92565361E+16  0.11000000000000000     
   5.41821936E+16  0.11000000000000000     
   5.96004108E+16  0.11000000000000000     
   6.55604510E+16  0.11000000000000000     
   7.21164952E+16  0.11000000000000000     
   7.93281490E+16  0.11000000000000000     
   8.72609622E+16  0.11000000000000000     
   9.59870559E+16  0.11000000000000000     
   1.05585767E+17  0.11000000000000000     
   1.16144342E+17  0.11000000000000000     
   1.27758776E+17  0.11000000000000000     
   1.40534654E+17  0.11000000000000000     
   1.54588122E+17  0.11000000000000000     
   1.70046929E+17  0.11000000000000000     
   1.87051615E+17  0.11000000000000000     
   2.05756782E+17  0.11000000000000000     
   2.26332459E+17  0.11000000000000000     
   2.48965699E+17  0.11000000000000000     
   2.73862285E+17  0.11000000000000000     
   3.01248491E+17  0.11000000000000000     
   3.31373357E+17  0.11000000000000000     
   3.64510679E+17  0.11000000000000000     
   4.00961757E+17  0.11000000000000000     
   4.41057923E+17  0.11000000000000000     
   4.85163732E+17  0.11000000000000000     
   5.33680095E+17  0.11000000000000000     
   5.87048087E+17  0.11000000000000000     
   6.45752937E+17  0.11000000000000000     
   7.10328217E+17  0.11000000000000000     
   7.81361066E+17  0.11000000000000000     
   8.59497173E+17  0.11000000000000000     
   9.45446890E+17  0.11000000000000000     
   1.03999156E+18  0.11000000000000000     
   1.14399072E+18  0.11000000000000000     
   1.25838982E+18  0.11000000000000000     
   1.38422879E+18  0.11000000000000000     
   1.52265167E+18  0.11000000000000000     
   1.67491685E+18  0.11000000000000000     
   1.84240848E+18  0.11000000000000000     
   2.02664924E+18  0.11000000000000000     
   2.22931425E+18  0.11000000000000000     
   2.45224573E+18  0.11000000000000000     
   2.69747036E+18  0.11000000000000000     
   2.96721712E+18  0.11000000000000000     
   3.26393902E+18  0.11000000000000000     
   3.59033290E+18  0.11000000000000000     
   3.94936605E+18  0.11000000000000000     
   4.34430266E+18  0.11000000000000000     
   4.77873317E+18  0.11000000000000000     
   5.25660621E+18  0.11000000000000000     
   5.78226678E+18  0.11000000000000000     
   6.36049390E+18  0.11000000000000000     
   6.99654323E+18  0.11000000000000000     
   7.69619712E+18  0.11000000000000000     
   8.46581732E+18  0.11000000000000000     
   9.31239839E+18  0.11000000000000000     
   1.02436386E+19  0.11000000000000000     
   1.12680030E+19  0.11000000000000000     
   1.23948023E+19  0.11000000000000000     
   1.36342828E+19  0.11000000000000000     
   1.49977113E+19  0.11000000000000000     
   1.64974826E+19  0.11000000000000000     
   1.81472305E+19  0.11000000000000000     
   1.99619547E+19  0.11000000000000000     
   2.19581488E+19  0.11000000000000000     
   2.41539637E+19  0.11000000000000000     
   2.65693598E+19  0.11000000000000000     
   2.92262967E+19  0.11000000000000000     
   3.21489261E+19  0.11000000000000000     
   3.53638190E+19  0.11000000000000000     
   3.89002024E+19  0.11000000000000000     
   4.27902218E+19  0.11000000000000000     
   4.70692440E+19  0.11000000000000000     
   5.17761653E+19  0.11000000000000000     
   5.69537831E+19  0.11000000000000000     
   6.26491610E+19  0.11000000000000000     
   6.89140771E+19  0.11000000000000000     
   7.58054861E+19  0.11000000000000000     
   8.33860383E+19  0.11000000000000000     
   9.17246377E+19  0.11000000000000000     
   1.00897107E+20  0.11000000000000000     
   1.10986815E+20  0.11000000000000000     
   1.22085496E+20  0.11000000000000000     
   1.34294042E+20  0.11000000000000000     
   1.47723451E+20  0.11000000000000000     
   1.62495786E+20  0.11000000000000000     
   1.78745371E+20  0.11000000000000000     
   1.96619912E+20  0.11000000000000000     
   2.16281906E+20  0.11000000000000000     
   2.37910092E+20  0.11000000000000000     
   2.61701096E+20  0.11000000000000000     
   2.87871214E+20  0.11000000000000000     
   3.16658328E+20  0.11000000000000000     
   3.48324158E+20  0.11000000000000000     
   3.83156581E+20  0.11000000000000000     
   4.21472221E+20  0.11000000000000000     
   4.63619475E+20  0.11000000000000000     
   5.09981394E+20  0.11000000000000000     
   5.60979558E+20  0.11000000000000000     
   6.17077521E+20  0.11000000000000000     
   6.78785280E+20  0.11000000000000000     
   7.46663745E+20  0.11000000000000000     
   8.21330190E+20  0.11000000000000000     
   9.03463181E+20  0.11000000000000000     
   9.93809471E+20  0.11000000000000000     
   1.09319047E+21  0.11000000000000000     
