   115979.555       0.00000000       0.00000000       0.00000000       0.00000000       0.00000000       0.00000000       0.00000000    
   156007.078       0.00000000       0.00000000       0.00000000       0.00000000       0.00000000       0.00000000       0.00000000    
   209849.141       0.00000000       0.00000000       0.00000000       0.00000000       0.00000000       0.00000000       0.00000000    
   282273.469       0.00000000       0.00000000       0.00000000       0.00000000       0.00000000       0.00000000       0.00000000    
   379693.312       0.00000000       0.00000000       0.00000000       0.00000000       0.00000000       0.00000000       0.00000000    
   510735.219       0.00000000       0.00000000       0.00000000       0.00000000       0.00000000       0.00000000       0.00000000    
   687003.062       0.00000000       0.00000000       0.00000000       0.00000000       0.00000000       0.00000000       0.00000000    
   924105.500       0.00000000       0.00000000       0.00000000       0.00000000       0.00000000       0.00000000       1.11287060E+10
   1243038.12       0.00000000       0.00000000       0.00000000       0.00000000       0.00000000       0.00000000       0.00000000    
   1672042.50       0.00000000       0.00000000       0.00000000       0.00000000       0.00000000       0.00000000       0.00000000    
   2249107.25       0.00000000       0.00000000       0.00000000       0.00000000       0.00000000       0.00000000       3.17745603E+10
   3025332.25       0.00000000       0.00000000       0.00000000       0.00000000       0.00000000       0.00000000       2.71419494E+10
   4069452.00       0.00000000       0.00000000       0.00000000       0.00000000       0.00000000       0.00000000       2.18828820E+10
   5473924.50       0.00000000       0.00000000       0.00000000       0.00000000       7.33944371E+09   2.02689720E+10   6.55128945E+10
   7363116.50       0.00000000       0.00000000       0.00000000       0.00000000       0.00000000       2.04745400E+10   3.82952038E+10
   9904318.00       0.00000000       0.00000000       1.41739203E+10   0.00000000       0.00000000       2.86414479E+10   9.71960074E+10
   13322552.0       0.00000000       0.00000000       0.00000000       0.00000000       0.00000000       3.58552003E+10   1.90119674E+11
   17920508.0       0.00000000       0.00000000       0.00000000       0.00000000       3.60393318E+10   4.63646310E+10   1.91290884E+11
   24105336.0       0.00000000       0.00000000       0.00000000       0.00000000       1.80149473E+10   8.79740191E+10   1.98213321E+11
   32424708.0       0.00000000       0.00000000       8.28400742E+09   8.40044902E+09   0.00000000       3.45926902E+10   2.20028240E+11
   43615308.0       0.00000000       0.00000000       0.00000000       0.00000000       2.49242522E+10   1.57015720E+11   3.09128167E+11
   58668072.0       0.00000000       0.00000000       1.89401948E+10   3.11521464E+10   1.97333524E+10   1.74267810E+11   3.14464993E+11
   78915928.0       0.00000000       0.00000000       2.53300838E+10   4.14153441E+10   8.09870705E+10   2.17212240E+11   1.75916646E+11
   106151848.       0.00000000       3.33959414E+10   0.00000000       3.42798111E+10   1.97779751E+11   4.13800989E+11   3.28908014E+11
   142787584.       0.00000000       0.00000000       4.87963771E+10   3.44607334E+10   1.67631929E+11   3.27789674E+11   2.33251308E+11
   192067248.       1.76509952E+10   0.00000000       3.25758116E+10   9.82601155E+10   1.96576854E+11   4.94530527E+11   1.34656926E+11
   258354592.       1.89648323E+10   0.00000000       2.90491392E+10   1.26635188E+11   3.91733543E+11   3.87841688E+11   1.18254739E+11
   347519392.       0.00000000       3.14374861E+10   4.51126149E+10   2.03060838E+11   2.38165737E+11   3.31406606E+11   1.07623129E+11
   467457280.       4.95766036E+10   4.15168143E+10   8.19012403E+10   2.07100232E+11   2.89544798E+11   1.60016761E+11   0.00000000    
   628788800.       1.38767933E+10   3.02677668E+10   8.62295081E+10   3.87558343E+11   4.40104124E+11   2.68093211E+11   1.08172052E+10
   845800000.       6.91253543E+11   1.40855853E+11   1.63091366E+11   4.15031230E+11   4.01278403E+11   1.80021936E+11   1.43429663E+10
   1.13770739E+09   1.86924152E+12   5.64058522E+10   3.26828556E+11   4.72228200E+11   4.26447077E+11   2.31559455E+10   0.00000000    
   1.53035942E+09   1.79761827E+12   1.38051715E+11   3.23678732E+11   4.45634380E+11   3.15166720E+11   2.36019118E+10   0.00000000    
   2.05852582E+09   1.67527567E+12   1.64387586E+11   5.18421578E+11   2.91897410E+11   1.71410194E+11   4.07219405E+10   0.00000000    
   2.76897587E+09   1.99058837E+12   1.45866342E+11   3.85193673E+11   6.12230496E+11   1.19362388E+11   0.00000000       0.00000000    
   3.72462080E+09   2.08115663E+12   3.13403605E+11   4.79212339E+11   4.48151519E+11   6.30592143E+10   0.00000000       0.00000000    
   5.01008333E+09   2.21163736E+12   3.49534126E+11   6.38195204E+11   4.23125221E+11   2.31944417E+10   0.00000000       0.00000000    
   6.73919181E+09   2.63933290E+12   5.00374045E+11   6.31399186E+11   1.64999758E+11   1.68608010E+10   1.72209480E+10   0.00000000    
   9.06506035E+09   2.18044432E+12   5.04870928E+11   3.08298711E+11   5.82856131E+10   1.83459635E+10   0.00000000       0.00000000    
   1.21936456E+10   2.44515471E+12   3.82508892E+11   2.84369355E+11   2.23590339E+10   0.00000000       0.00000000       0.00000000    
   1.64019855E+10   2.80491275E+12   6.28920156E+11   2.77507604E+11   0.00000000       0.00000000       0.00000000       0.00000000    
   2.20627333E+10   2.75607165E+12   5.27626732E+11   1.58044979E+11   3.40807537E+10   0.00000000       0.00000000       0.00000000    
   2.96771502E+10   2.56635699E+12   5.48485005E+11   1.17777801E+11   0.00000000       0.00000000       0.00000000       0.00000000    
   3.99194972E+10   2.88366579E+12   3.92539734E+11   4.58205225E+10   1.77166090E+10   0.00000000       0.00000000       0.00000000    
   5.36967414E+10   3.14225879E+12   2.44006371E+11   0.00000000       0.00000000       0.00000000       0.00000000       0.00000000    
   7.22288722E+10   2.88327965E+12   9.76348283E+10   1.93413898E+10   0.00000000       0.00000000       0.00000000       0.00000000    
   9.71569070E+10   3.42402715E+12   2.67504435E+10   0.00000000       0.00000000       0.00000000       0.00000000       0.00000000    
   1.30688254E+11   3.23524651E+12   5.90703452E+10   0.00000000       0.00000000       0.00000000       0.00000000       0.00000000    
   1.75792128E+11   2.73729664E+12   5.05591357E+10   0.00000000       0.00000000       0.00000000       0.00000000       0.00000000    
   2.36462522E+11   2.14266125E+12   0.00000000       0.00000000       0.00000000       0.00000000       0.00000000       0.00000000    
   3.18071800E+11   2.00088027E+12   0.00000000       0.00000000       0.00000000       0.00000000       0.00000000       0.00000000    
   4.27846566E+11   1.60362621E+12   0.00000000       0.00000000       0.00000000       0.00000000       0.00000000       0.00000000    
   5.75507399E+11   9.84578589E+11   0.00000000       0.00000000       0.00000000       0.00000000       0.00000000       0.00000000    
   7.74129844E+11   5.45019560E+11   0.00000000       0.00000000       0.00000000       0.00000000       0.00000000       0.00000000    
   1.04130196E+12   4.66337825E+11   0.00000000       0.00000000       0.00000000       0.00000000       0.00000000       0.00000000    
   1.40068205E+12   2.37738738E+11   0.00000000       0.00000000       0.00000000       0.00000000       0.00000000       0.00000000    
   1.88409342E+12   2.18627686E+11   0.00000000       0.00000000       0.00000000       0.00000000       0.00000000       0.00000000    
   2.53434239E+12   3.68239739E+11   0.00000000       0.00000000       0.00000000       0.00000000       0.00000000       0.00000000    
   3.40900918E+12   8.49655235E+10   0.00000000       0.00000000       0.00000000       0.00000000       0.00000000       0.00000000    
   4.58554606E+12   0.00000000       0.00000000       0.00000000       0.00000000       0.00000000       0.00000000       0.00000000    
   6.16813612E+12   0.00000000       0.00000000       0.00000000       0.00000000       0.00000000       0.00000000       0.00000000    
   8.29691842E+12   0.00000000       0.00000000       0.00000000       0.00000000       0.00000000       0.00000000       0.00000000    
   1.11603981E+13   0.00000000       0.00000000       0.00000000       0.00000000       0.00000000       0.00000000       0.00000000    
   1.50121386E+13   0.00000000       0.00000000       0.00000000       0.00000000       0.00000000       0.00000000       0.00000000    
   2.01932124E+13   0.00000000       0.00000000       0.00000000       0.00000000       0.00000000       0.00000000       0.00000000    
   2.71624113E+13   0.00000000       0.00000000       0.00000000       0.00000000       0.00000000       0.00000000       0.00000000    
   3.65368590E+13   0.00000000       0.00000000       0.00000000       0.00000000       0.00000000       0.00000000       0.00000000    
   4.91466648E+13   0.00000000       0.00000000       0.00000000       0.00000000       0.00000000       0.00000000       0.00000000    
   6.61084428E+13   0.00000000       0.00000000       0.00000000       0.00000000       0.00000000       0.00000000       0.00000000    
   8.89241689E+13   0.00000000       0.00000000       0.00000000       0.00000000       0.00000000       0.00000000       0.00000000    
   1.19614185E+14   0.00000000       0.00000000       0.00000000       0.00000000       0.00000000       0.00000000       0.00000000    
   1.60896119E+14   0.00000000       0.00000000       0.00000000       0.00000000       0.00000000       0.00000000       0.00000000    
   2.16425499E+14   0.00000000       0.00000000       0.00000000       0.00000000       0.00000000       0.00000000       0.00000000    
   2.91119494E+14   0.00000000       0.00000000       0.00000000       0.00000000       0.00000000       0.00000000       0.00000000    
   3.91592335E+14   0.00000000       0.00000000       0.00000000       0.00000000       0.00000000       0.00000000       0.00000000    
   5.26740930E+14   0.00000000       0.00000000       0.00000000       0.00000000       0.00000000       0.00000000       0.00000000    
   7.08532769E+14   0.00000000       0.00000000       0.00000000       0.00000000       0.00000000       0.00000000       0.00000000    
   9.53065658E+14   0.00000000       0.00000000       0.00000000       0.00000000       0.00000000       0.00000000       0.00000000    
   1.28199311E+15   0.00000000       0.00000000       0.00000000       0.00000000       0.00000000       0.00000000       0.00000000    
   1.72444185E+15   0.00000000       0.00000000       0.00000000       0.00000000       0.00000000       0.00000000       0.00000000    
