   115979.555       0.00000000       0.00000000       0.00000000       0.00000000       0.00000000       0.00000000       0.00000000    
   156007.078       0.00000000       0.00000000       0.00000000       0.00000000       0.00000000       0.00000000       0.00000000    
   209849.141       0.00000000       0.00000000       0.00000000       0.00000000       0.00000000       0.00000000       0.00000000    
   282273.469       0.00000000       0.00000000       0.00000000       0.00000000       0.00000000       0.00000000       0.00000000    
   379693.312       0.00000000       0.00000000       0.00000000       0.00000000       0.00000000       0.00000000       0.00000000    
   510735.219       0.00000000       0.00000000       0.00000000       0.00000000       0.00000000       0.00000000       0.00000000    
   687003.062       0.00000000       0.00000000       0.00000000       0.00000000       0.00000000       0.00000000       0.00000000    
   924105.500       0.00000000       0.00000000       0.00000000       0.00000000       0.00000000       0.00000000       1.11287060E+10
   1243038.12       0.00000000       0.00000000       0.00000000       0.00000000       0.00000000       0.00000000       0.00000000    
   1672042.50       0.00000000       0.00000000       0.00000000       0.00000000       0.00000000       0.00000000       0.00000000    
   2249107.25       0.00000000       0.00000000       0.00000000       0.00000000       0.00000000       0.00000000       3.17745603E+10
   3025332.25       0.00000000       0.00000000       0.00000000       0.00000000       0.00000000       0.00000000       2.71419494E+10
   4069452.00       0.00000000       0.00000000       0.00000000       0.00000000       0.00000000       0.00000000       2.18828820E+10
   5473924.50       0.00000000       0.00000000       0.00000000       0.00000000       7.33944371E+09   2.76084163E+10   9.31213066E+10
   7363116.50       0.00000000       0.00000000       0.00000000       0.00000000       0.00000000       2.04745400E+10   5.87697439E+10
   9904318.00       0.00000000       0.00000000       1.41739203E+10   1.41739203E+10   1.41739203E+10   4.28153692E+10   1.40011373E+11
   13322552.0       0.00000000       0.00000000       0.00000000       0.00000000       0.00000000       3.58552003E+10   2.25974878E+11
   17920508.0       0.00000000       0.00000000       0.00000000       0.00000000       3.60393318E+10   8.24039670E+10   2.73694851E+11
   24105336.0       0.00000000       0.00000000       0.00000000       0.00000000       1.80149473E+10   1.05988964E+11   3.04202285E+11
   32424708.0       0.00000000       0.00000000       8.28400742E+09   1.66844559E+10   1.66844559E+10   5.12771482E+10   2.71305392E+11
   43615308.0       0.00000000       0.00000000       0.00000000       0.00000000       2.49242522E+10   1.81939962E+11   4.91068129E+11
   58668072.0       0.00000000       0.00000000       1.89401948E+10   5.00923392E+10   6.98256916E+10   2.44093501E+11   5.58558478E+11
   78915928.0       0.00000000       0.00000000       2.53300838E+10   6.67454259E+10   1.47732496E+11   3.64944753E+11   5.40861399E+11
   106151848.       0.00000000       3.33959414E+10   3.33959414E+10   6.76757504E+10   2.65455501E+11   6.79256523E+11   1.00816447E+12
   142787584.       0.00000000       0.00000000       4.87963771E+10   8.32571064E+10   2.50889044E+11   5.78678686E+11   8.11930026E+11
   192067248.       1.76509952E+10   1.76509952E+10   5.02268068E+10   1.48486930E+11   3.45063784E+11   8.39594344E+11   9.74251229E+11
   258354592.       1.89648323E+10   1.89648323E+10   4.80139715E+10   1.74649164E+11   5.66382690E+11   9.54224411E+11   1.07247914E+12
   347519392.       0.00000000       3.14374861E+10   7.65501030E+10   2.79610917E+11   5.17776671E+11   8.49183310E+11   9.56806398E+11
   467457280.       4.95766036E+10   9.10934180E+10   1.72994658E+11   3.80094906E+11   6.69639705E+11   8.29656465E+11   8.29656465E+11
   628788800.       1.38767933E+10   4.41445581E+10   1.30374066E+11   5.17932417E+11   9.58036509E+11   1.22612980E+12   1.23694691E+12
   845800000.       6.91253543E+11   8.32109412E+11   9.95200795E+11   1.41023196E+12   1.81151046E+12   1.99153235E+12   2.00587529E+12
   1.13770739E+09   1.86924152E+12   1.92564743E+12   2.25247599E+12   2.72470429E+12   3.15115124E+12   3.17430720E+12   3.17430720E+12
   1.53035942E+09   1.79761827E+12   1.93566999E+12   2.25934862E+12   2.70498320E+12   3.02014975E+12   3.04375162E+12   3.04375162E+12
   2.05852582E+09   1.67527567E+12   1.83966328E+12   2.35808489E+12   2.64998224E+12   2.82139243E+12   2.86211441E+12   2.86211441E+12
   2.76897587E+09   1.99058837E+12   2.13645459E+12   2.52164833E+12   3.13387883E+12   3.25324112E+12   3.25324112E+12   3.25324112E+12
   3.72462080E+09   2.08115663E+12   2.39456040E+12   2.87377274E+12   3.32192416E+12   3.38498342E+12   3.38498342E+12   3.38498342E+12
   5.01008333E+09   2.21163736E+12   2.56117152E+12   3.19936659E+12   3.62249191E+12   3.64568642E+12   3.64568642E+12   3.64568642E+12
   6.73919181E+09   2.63933290E+12   3.13970708E+12   3.77110633E+12   3.93610605E+12   3.95296689E+12   3.97018766E+12   3.97018766E+12
   9.06506035E+09   2.18044432E+12   2.68531532E+12   2.99361396E+12   3.05189958E+12   3.07024547E+12   3.07024547E+12   3.07024547E+12
   1.21936456E+10   2.44515471E+12   2.82766344E+12   3.11203280E+12   3.13439184E+12   3.13439184E+12   3.13439184E+12   3.13439184E+12
   1.64019855E+10   2.80491275E+12   3.43383291E+12   3.71134038E+12   3.71134038E+12   3.71134038E+12   3.71134038E+12   3.71134038E+12
   2.20627333E+10   2.75607165E+12   3.28369832E+12   3.44174336E+12   3.47582418E+12   3.47582418E+12   3.47582418E+12   3.47582418E+12
   2.96771502E+10   2.56635699E+12   3.11484193E+12   3.23261956E+12   3.23261956E+12   3.23261956E+12   3.23261956E+12   3.23261956E+12
   3.99194972E+10   2.88366579E+12   3.27620572E+12   3.32202613E+12   3.33974261E+12   3.33974261E+12   3.33974261E+12   3.33974261E+12
   5.36967414E+10   3.14225879E+12   3.38626504E+12   3.38626504E+12   3.38626504E+12   3.38626504E+12   3.38626504E+12   3.38626504E+12
   7.22288722E+10   2.88327965E+12   2.98091440E+12   3.00025591E+12   3.00025591E+12   3.00025591E+12   3.00025591E+12   3.00025591E+12
   9.71569070E+10   3.42402715E+12   3.45077763E+12   3.45077763E+12   3.45077763E+12   3.45077763E+12   3.45077763E+12   3.45077763E+12
   1.30688254E+11   3.23524651E+12   3.29431672E+12   3.29431672E+12   3.29431672E+12   3.29431672E+12   3.29431672E+12   3.29431672E+12
   1.75792128E+11   2.73729664E+12   2.78785556E+12   2.78785556E+12   2.78785556E+12   2.78785556E+12   2.78785556E+12   2.78785556E+12
   2.36462522E+11   2.14266125E+12   2.14266125E+12   2.14266125E+12   2.14266125E+12   2.14266125E+12   2.14266125E+12   2.14266125E+12
   3.18071800E+11   2.00088027E+12   2.00088027E+12   2.00088027E+12   2.00088027E+12   2.00088027E+12   2.00088027E+12   2.00088027E+12
   4.27846566E+11   1.60362621E+12   1.60362621E+12   1.60362621E+12   1.60362621E+12   1.60362621E+12   1.60362621E+12   1.60362621E+12
   5.75507399E+11   9.84578589E+11   9.84578589E+11   9.84578589E+11   9.84578589E+11   9.84578589E+11   9.84578589E+11   9.84578589E+11
   7.74129844E+11   5.45019560E+11   5.45019560E+11   5.45019560E+11   5.45019560E+11   5.45019560E+11   5.45019560E+11   5.45019560E+11
   1.04130196E+12   4.66337825E+11   4.66337825E+11   4.66337825E+11   4.66337825E+11   4.66337825E+11   4.66337825E+11   4.66337825E+11
   1.40068205E+12   2.37738738E+11   2.37738738E+11   2.37738738E+11   2.37738738E+11   2.37738738E+11   2.37738738E+11   2.37738738E+11
   1.88409342E+12   2.18627686E+11   2.18627686E+11   2.18627686E+11   2.18627686E+11   2.18627686E+11   2.18627686E+11   2.18627686E+11
   2.53434239E+12   3.68239739E+11   3.68239739E+11   3.68239739E+11   3.68239739E+11   3.68239739E+11   3.68239739E+11   3.68239739E+11
   3.40900918E+12   8.49655235E+10   8.49655235E+10   8.49655235E+10   8.49655235E+10   8.49655235E+10   8.49655235E+10   8.49655235E+10
   4.58554606E+12   0.00000000       0.00000000       0.00000000       0.00000000       0.00000000       0.00000000       0.00000000    
   6.16813612E+12   0.00000000       0.00000000       0.00000000       0.00000000       0.00000000       0.00000000       0.00000000    
   8.29691842E+12   0.00000000       0.00000000       0.00000000       0.00000000       0.00000000       0.00000000       0.00000000    
   1.11603981E+13   0.00000000       0.00000000       0.00000000       0.00000000       0.00000000       0.00000000       0.00000000    
   1.50121386E+13   0.00000000       0.00000000       0.00000000       0.00000000       0.00000000       0.00000000       0.00000000    
   2.01932124E+13   0.00000000       0.00000000       0.00000000       0.00000000       0.00000000       0.00000000       0.00000000    
   2.71624113E+13   0.00000000       0.00000000       0.00000000       0.00000000       0.00000000       0.00000000       0.00000000    
   3.65368590E+13   0.00000000       0.00000000       0.00000000       0.00000000       0.00000000       0.00000000       0.00000000    
   4.91466648E+13   0.00000000       0.00000000       0.00000000       0.00000000       0.00000000       0.00000000       0.00000000    
   6.61084428E+13   0.00000000       0.00000000       0.00000000       0.00000000       0.00000000       0.00000000       0.00000000    
   8.89241689E+13   0.00000000       0.00000000       0.00000000       0.00000000       0.00000000       0.00000000       0.00000000    
   1.19614185E+14   0.00000000       0.00000000       0.00000000       0.00000000       0.00000000       0.00000000       0.00000000    
   1.60896119E+14   0.00000000       0.00000000       0.00000000       0.00000000       0.00000000       0.00000000       0.00000000    
   2.16425499E+14   0.00000000       0.00000000       0.00000000       0.00000000       0.00000000       0.00000000       0.00000000    
   2.91119494E+14   0.00000000       0.00000000       0.00000000       0.00000000       0.00000000       0.00000000       0.00000000    
   3.91592335E+14   0.00000000       0.00000000       0.00000000       0.00000000       0.00000000       0.00000000       0.00000000    
   5.26740930E+14   0.00000000       0.00000000       0.00000000       0.00000000       0.00000000       0.00000000       0.00000000    
   7.08532769E+14   0.00000000       0.00000000       0.00000000       0.00000000       0.00000000       0.00000000       0.00000000    
   9.53065658E+14   0.00000000       0.00000000       0.00000000       0.00000000       0.00000000       0.00000000       0.00000000    
   1.28199311E+15   0.00000000       0.00000000       0.00000000       0.00000000       0.00000000       0.00000000       0.00000000    
   1.72444185E+15   0.00000000       0.00000000       0.00000000       0.00000000       0.00000000       0.00000000       0.00000000    
