   115979.555       0.00000000       0.00000000    
   156007.078       0.00000000       0.00000000    
   209849.141       0.00000000       0.00000000    
   282273.469       0.00000000       0.00000000    
   379693.312       0.00000000       0.00000000    
   510735.219       0.00000000       0.00000000    
   687003.062       0.00000000       0.00000000    
   924105.500       1.11287060E+10   0.00000000    
   1243038.12       0.00000000       0.00000000    
   1672042.50       0.00000000       0.00000000    
   2249107.25       3.17745603E+10   0.00000000    
   3025332.25       2.71419494E+10   0.00000000    
   4069452.00       2.18828820E+10   0.00000000    
   5473924.50       9.31213066E+10   0.00000000    
   7363116.50       5.87697439E+10   0.00000000    
   9904318.00       1.40011373E+11   0.00000000    
   13322552.0       2.25974878E+11   0.00000000    
   17920508.0       2.73694851E+11   0.00000000    
   24105336.0       3.04202285E+11   0.00000000    
   32424708.0       2.71305392E+11   0.00000000    
   43615308.0       4.91068129E+11   0.00000000    
   58668072.0       5.58558478E+11   0.00000000    
   78915928.0       5.40861399E+11   1.13129124E+10
   106151848.       1.00816447E+12   0.00000000    
   142787584.       8.11930026E+11   0.00000000    
   192067248.       9.74251229E+11   0.00000000    
   258354592.       1.07247914E+12   0.00000000    
   347519392.       9.56806398E+11   0.00000000    
   467457280.       8.29656465E+11   0.00000000    
   628788800.       1.23694691E+12   0.00000000    
   845800000.       2.00587529E+12   0.00000000    
   1.13770739E+09   3.17430720E+12   0.00000000    
   1.53035942E+09   3.04375162E+12   0.00000000    
   2.05852582E+09   2.86211441E+12   0.00000000    
   2.76897587E+09   3.25324112E+12   0.00000000    
   3.72462080E+09   3.38498342E+12   0.00000000    
   5.01008333E+09   3.64568642E+12   0.00000000    
   6.73919181E+09   3.97018766E+12   0.00000000    
   9.06506035E+09   3.07024547E+12   0.00000000    
   1.21936456E+10   3.13439184E+12   1.81447004E+10
   1.64019855E+10   3.71134038E+12   0.00000000    
   2.20627333E+10   3.47582418E+12   0.00000000    
   2.96771502E+10   3.23261956E+12   3.24893696E+10
   3.99194972E+10   3.33974261E+12   0.00000000    
   5.36967414E+10   3.38626504E+12   0.00000000    
   7.22288722E+10   3.00025591E+12   0.00000000    
   9.71569070E+10   3.45077763E+12   1.70565663E+10
   1.30688254E+11   3.29431672E+12   0.00000000    
   1.75792128E+11   2.78785556E+12   0.00000000    
   2.36462522E+11   2.14266125E+12   0.00000000    
   3.18071800E+11   2.00088027E+12   0.00000000    
   4.27846566E+11   1.60362621E+12   0.00000000    
   5.75507399E+11   9.84578589E+11   0.00000000    
   7.74129844E+11   5.45019560E+11   0.00000000    
   1.04130196E+12   4.66337825E+11   0.00000000    
   1.40068205E+12   2.37738738E+11   0.00000000    
   1.88409342E+12   2.18627686E+11   0.00000000    
   2.53434239E+12   3.68239739E+11   0.00000000    
   3.40900918E+12   8.49655235E+10   0.00000000    
   4.58554606E+12   0.00000000       0.00000000    
   6.16813612E+12   0.00000000       0.00000000    
   8.29691842E+12   0.00000000       0.00000000    
   1.11603981E+13   0.00000000       0.00000000    
   1.50121386E+13   0.00000000       0.00000000    
   2.01932124E+13   0.00000000       0.00000000    
   2.71624113E+13   0.00000000       0.00000000    
   3.65368590E+13   0.00000000       0.00000000    
   4.91466648E+13   0.00000000       0.00000000    
   6.61084428E+13   0.00000000       0.00000000    
   8.89241689E+13   0.00000000       0.00000000    
   1.19614185E+14   0.00000000       0.00000000    
   1.60896119E+14   0.00000000       0.00000000    
   2.16425499E+14   0.00000000       0.00000000    
   2.91119494E+14   0.00000000       0.00000000    
   3.91592335E+14   0.00000000       0.00000000    
   5.26740930E+14   0.00000000       0.00000000    
   7.08532769E+14   0.00000000       0.00000000    
   9.53065658E+14   0.00000000       0.00000000    
   1.28199311E+15   0.00000000       0.00000000    
   1.72444185E+15   0.00000000       0.00000000    
